1305031452.923715072 0.024860481 0.002770941 -0.013746055 -0.004929444 0.020049980 0.049203787 0.998575330 rgb/1305031452.923715.png
1305031452.959700992 0.022640532 0.003013566 -0.012831862 -0.005748262 0.024725012 0.049144339 0.998469114 rgb/1305031452.959701.png
1305031452.991646976 0.024575870 0.001884188 -0.013417665 -0.004869752 0.030911736 0.047637668 0.998374403 rgb/1305031452.991647.png
1305031453.023650048 0.027923230 0.003913715 -0.018720804 -0.002910777 0.042415891 0.045677934 0.998051107 rgb/1305031453.023650.png
1305031453.059753984 0.026621975 0.003570754 -0.023122102 -0.004159153 0.057030879 0.047813319 0.997218192 rgb/1305031453.059754.png
1305031453.091703808 0.030657945 0.004964116 -0.025777481 -0.003241606 0.070059665 0.047788471 0.996392190 rgb/1305031453.091704.png
1305031453.123632896 0.029929183 0.002076298 -0.035978712 -0.004925589 0.083649009 0.048351098 0.995309412 rgb/1305031453.123633.png
1305031453.159673088 0.031706665 0.000881439 -0.040709924 -0.007106121 0.095224105 0.046912614 0.994324446 rgb/1305031453.159673.png
1305031453.191726080 0.034089789 0.000585428 -0.048863497 -0.008079375 0.107667796 0.046173073 0.993081331 rgb/1305031453.191726.png
1305031453.223688960 0.035476718 0.003171771 -0.056057289 -0.006644604 0.119411983 0.046193790 0.991747379 rgb/1305031453.223689.png
1305031453.259670016 0.037049223 0.001199538 -0.068087354 -0.010782663 0.129529804 0.047767807 0.990365624 rgb/1305031453.259670.png
1305031453.291696128 0.032818358 -0.001256745 -0.067178868 -0.011283864 0.143091530 0.054232918 0.988158047 rgb/1305031453.291696.png
1305031453.323682048 0.034296248 -0.002224548 -0.079797767 -0.007971610 0.154593080 0.060227856 0.986108541 rgb/1305031453.323682.png
1305031453.359684096 0.034783334 -0.003510833 -0.097392187 -0.009818305 0.164510474 0.066824012 0.984060228 rgb/1305031453.359684.png
1305031453.391689984 0.025939913 0.000032055 -0.103871420 -0.009268470 0.174014226 0.077690907 0.981629968 rgb/1305031453.391690.png
1305031453.423682816 0.025374450 0.003040447 -0.112508871 -0.006670677 0.178701386 0.086998463 0.980026901 rgb/1305031453.423683.png
1305031453.459685120 0.026532410 0.001672900 -0.123520359 -0.004303894 0.184713021 0.093580641 0.978317618 rgb/1305031453.459685.png
1305031453.491697920 0.022786919 0.002782251 -0.134414822 -0.000188661 0.192590624 0.102517545 0.975909293 rgb/1305031453.491698.png
1305031453.523684096 0.019844232 0.006701801 -0.151139364 0.007005880 0.197110265 0.109317124 0.974242389 rgb/1305031453.523684.png
1305031453.559752960 0.017964788 0.011426821 -0.168499708 0.014737987 0.199010164 0.115401424 0.973067462 rgb/1305031453.559753.png
1305031453.591640064 0.014665235 0.014669357 -0.185477793 0.021343039 0.201020181 0.118250772 0.972189367 rgb/1305031453.591640.png
1305031453.627706112 0.001150798 0.020320285 -0.198343143 0.028931333 0.204012081 0.121067628 0.971022487 rgb/1305031453.627706.png
1305031453.659600128 -0.003433752 0.031080239 -0.220653996 0.038107317 0.197657347 0.119098142 0.972262859 rgb/1305031453.659600.png
1305031453.691677952 -0.010567443 0.037935633 -0.237210080 0.043991551 0.191331208 0.113937326 0.973897099 rgb/1305031453.691678.png
1305031453.727652096 -0.019115563 0.048545420 -0.251756102 0.049294572 0.184985399 0.109374642 0.975391090 rgb/1305031453.727652.png
1305031453.759694080 -0.019365087 0.051881433 -0.265268803 0.052329369 0.173057482 0.101214632 0.978298783 rgb/1305031453.759694.png
1305031453.791716096 -0.034093861 0.068938345 -0.280227572 0.059745599 0.163711533 0.093500197 0.980248332 rgb/1305031453.791716.png
1305031453.827773184 -0.042698659 0.075605966 -0.292458087 0.062217750 0.154848278 0.087479524 0.982088745 rgb/1305031453.827773.png
1305031453.859705088 -0.062970817 0.076302119 -0.307362080 0.061463445 0.143474713 0.077615798 0.984689355 rgb/1305031453.859705.png
1305031453.891709952 -0.079507336 0.080453366 -0.320498854 0.059812475 0.127561882 0.070389934 0.987520039 rgb/1305031453.891710.png
1305031453.927723008 -0.118756838 0.092705995 -0.290621340 0.062960513 0.120678544 0.067142442 0.988415182 rgb/1305031453.927723.png
1305031453.959641088 -0.125674978 0.092943408 -0.304544032 0.059009925 0.101654209 0.059311256 0.991295397 rgb/1305031453.959641.png
1305031453.991624192 -0.116012961 0.088194825 -0.327462077 0.053460643 0.082581349 0.047434159 0.994018257 rgb/1305031453.991624.png
1305031454.027662080 -0.154538095 0.093160301 -0.299009949 0.057888929 0.080825284 0.037594184 0.994335413 rgb/1305031454.027662.png
1305031454.059653888 -0.160574913 0.095217109 -0.304760635 0.057372674 0.067019507 0.026976280 0.995735466 rgb/1305031454.059654.png
1305031454.091651072 -0.172294363 0.097671770 -0.298611671 0.056903053 0.055053268 0.011274017 0.996796966 rgb/1305031454.091651.png
1305031454.127700992 -0.197221071 0.096098818 -0.291908711 0.058695268 0.046048813 -0.002214252 0.997210860 rgb/1305031454.127701.png
1305031454.159672064 -0.208897501 0.104058541 -0.290496796 0.060226038 0.030709121 -0.014880635 0.997601271 rgb/1305031454.159672.png
1305031454.191657984 -0.233428419 0.106982581 -0.290097356 0.057201888 0.018267639 -0.026942655 0.997831881 rgb/1305031454.191658.png
1305031454.227670784 -0.242948949 0.091601901 -0.284164548 0.052766673 0.000900072 -0.046438918 0.997526109 rgb/1305031454.227671.png
1305031454.259627008 -0.219068289 0.098449573 -0.300335795 0.058676213 -0.025281604 -0.060255934 0.996136189 rgb/1305031454.259627.png
1305031454.291639040 -0.230236217 0.106196448 -0.292863429 0.057789050 -0.032301448 -0.074183159 0.995044708 rgb/1305031454.291639.png
1305031454.327698944 -0.273579270 0.097073227 -0.277034461 0.053686671 -0.029790331 -0.091978759 0.993866324 rgb/1305031454.327699.png
1305031454.359635968 -0.279878855 0.100404449 -0.275585771 0.058736686 -0.041608356 -0.107416436 0.991605043 rgb/1305031454.359636.png
1305031454.391676928 -0.273248404 0.107755110 -0.277163237 0.061333720 -0.055224128 -0.116623506 0.989741147 rgb/1305031454.391677.png
1305031454.427464960 -0.299965113 0.108600289 -0.275398761 0.059572577 -0.062079519 -0.135076329 0.987092555 rgb/1305031454.427465.png
1305031454.459912960 -0.293804854 0.111142792 -0.275119066 0.061101098 -0.076707654 -0.151228815 0.983622134 rgb/1305031454.459913.png
1305031454.491617024 -0.300382674 0.118761435 -0.274575055 0.061808590 -0.081718527 -0.167394400 0.980551362 rgb/1305031454.491617.png
1305031454.527699968 -0.315006822 0.128204986 -0.274703979 0.060334425 -0.084277175 -0.183953866 0.977454901 rgb/1305031454.527700.png
1305031454.559575040 -0.324118197 0.131084427 -0.282667547 0.054046214 -0.089680232 -0.196159214 0.974965692 rgb/1305031454.559575.png
1305031454.591634944 -0.321085811 0.137769580 -0.280219346 0.051277753 -0.105629504 -0.213731483 0.969810307 rgb/1305031454.591635.png
1305031454.627579904 -0.328756809 0.146414086 -0.281003743 0.049449988 -0.116834454 -0.228183821 0.965316832 rgb/1305031454.627580.png
1305031454.659527936 -0.334327102 0.159280360 -0.284405500 0.044830382 -0.128485158 -0.234474629 0.962550581 rgb/1305031454.659528.png
1305031454.691884032 -0.334401339 0.159348965 -0.284711778 0.036112744 -0.144394904 -0.240914568 0.959065318 rgb/1305031454.691884.png
1305031454.727659008 -0.328324437 0.164308995 -0.287639260 0.032551296 -0.159355849 -0.244079620 0.956018507 rgb/1305031454.727659.png
1305031454.759731968 -0.322758794 0.171186090 -0.290690452 0.027909122 -0.166511148 -0.240388289 0.955881059 rgb/1305031454.759732.png
1305031454.791641088 -0.319425374 0.176684543 -0.288794041 0.023960771 -0.169423476 -0.230493352 0.957911551 rgb/1305031454.791641.png
1305031454.827569920 -0.312559724 0.179925382 -0.290958107 0.017971512 -0.171747327 -0.223410010 0.959305942 rgb/1305031454.827570.png
1305031454.859620096 -0.305031776 0.195345908 -0.288520604 0.017059933 -0.169816658 -0.213418812 0.961937487 rgb/1305031454.859620.png
1305031454.891763968 -0.303245068 0.201636419 -0.291002989 0.012969513 -0.164602861 -0.206634894 0.964385688 rgb/1305031454.891764.png
1305031454.927567104 -0.302130520 0.216021061 -0.292570710 0.012209010 -0.158290625 -0.198078379 0.967243493 rgb/1305031454.927567.png
1305031454.959648000 -0.306662858 0.225095093 -0.299235493 0.008881656 -0.151758149 -0.191793576 0.969590604 rgb/1305031454.959648.png
1305031454.991937024 -0.312677026 0.230433255 -0.305430919 0.005341002 -0.148013219 -0.185922712 0.971337438 rgb/1305031454.991937.png
1305031455.027798784 -0.317435801 0.248308197 -0.301232129 0.009567746 -0.145672336 -0.181453079 0.972503364 rgb/1305031455.027799.png
1305031455.059636224 -0.323958457 0.252571255 -0.303119272 0.006739378 -0.142579585 -0.179558977 0.973336637 rgb/1305031455.059636.png
1305031455.091699968 -0.334354401 0.258128017 -0.312145174 0.007297048 -0.137666866 -0.179380938 0.974072397 rgb/1305031455.091700.png
1305031455.127695104 -0.341495544 0.275197029 -0.308940232 0.012276997 -0.131442681 -0.177730694 0.975184023 rgb/1305031455.127695.png
1305031455.159719936 -0.354975820 0.281179816 -0.317259252 0.009954487 -0.125891238 -0.173470393 0.976709008 rgb/1305031455.159720.png
1305031455.191654912 -0.370376885 0.287017405 -0.321848363 0.005951568 -0.121032976 -0.167111844 0.978462696 rgb/1305031455.191655.png
1305031455.227580928 -0.379923195 0.298879772 -0.314391822 0.009350065 -0.115854375 -0.161324397 0.980033040 rgb/1305031455.227581.png
1305031455.259630848 -0.391849548 0.316639036 -0.317002028 0.009708210 -0.110848106 -0.155315518 0.981578052 rgb/1305031455.259631.png
1305031455.291831040 -0.405411154 0.314817488 -0.317428410 0.000732994 -0.103577383 -0.143777058 0.984174430 rgb/1305031455.291831.png
1305031455.327766016 -0.424792707 0.325079352 -0.324835241 -0.002901151 -0.098813571 -0.131973505 0.986311555 rgb/1305031455.327766.png
1305031455.359630080 -0.431540847 0.337000012 -0.320742190 -0.007231256 -0.097206116 -0.125123382 0.987341344 rgb/1305031455.359630.png
1305031455.391664896 -0.446440786 0.333338112 -0.321015745 -0.019174518 -0.089621559 -0.115640953 0.989053845 rgb/1305031455.391665.png
1305031455.427642112 -0.465821266 0.338220179 -0.323895961 -0.025029073 -0.079670012 -0.104175285 0.991046846 rgb/1305031455.427642.png
1305031455.459589120 -0.487618089 0.333259940 -0.329846352 -0.030898264 -0.073953889 -0.094446704 0.992298365 rgb/1305031455.459589.png
1305031455.491636992 -0.507181048 0.342057019 -0.333938599 -0.031650636 -0.068590671 -0.083537683 0.993637323 rgb/1305031455.491637.png
1305031455.527610112 -0.522370040 0.337168187 -0.334733844 -0.035887405 -0.063138425 -0.070063092 0.994895399 rgb/1305031455.527610.png
1305031455.559668992 -0.547122836 0.336045057 -0.342442364 -0.036257088 -0.061278339 -0.056393933 0.995866537 rgb/1305031455.559669.png
1305031455.591644928 -0.575462103 0.339380443 -0.349792480 -0.036042739 -0.058322936 -0.042500399 0.996741235 rgb/1305031455.591645.png
1305031455.627616768 -0.580154121 0.333304673 -0.346438587 -0.039983205 -0.058299690 -0.029110735 0.997073233 rgb/1305031455.627617.png
1305031455.659614976 -0.601968408 0.324987978 -0.353029490 -0.038122300 -0.054820385 -0.024048388 0.997478426 rgb/1305031455.659615.png
1305031455.691604992 -0.620814860 0.325732470 -0.357016057 -0.033927374 -0.051233791 -0.025858259 0.997775197 rgb/1305031455.691605.png
1305031455.727628032 -0.642987490 0.321087509 -0.361220241 -0.033028532 -0.046053816 -0.031424660 0.997898102 rgb/1305031455.727628.png
1305031455.759682816 -0.658906579 0.317721575 -0.369247466 -0.032445304 -0.039865557 -0.034222860 0.998091638 rgb/1305031455.759683.png
1305031455.791665920 -0.680704415 0.303887039 -0.376217365 -0.033353657 -0.032748200 -0.033790044 0.998335361 rgb/1305031455.791666.png
1305031455.827589888 -0.697658479 0.302832186 -0.384759098 -0.029395221 -0.028149456 -0.034830768 0.998564124 rgb/1305031455.827590.png
1305031455.859525888 -0.715666473 0.297882736 -0.391181707 -0.029164363 -0.025224518 -0.036383722 0.998593748 rgb/1305031455.859526.png
1305031455.891657216 -0.731737435 0.289703786 -0.400411844 -0.030504592 -0.021007363 -0.037060138 0.998626411 rgb/1305031455.891657.png
1305031455.927954944 -0.748931229 0.280322134 -0.405685127 -0.032898195 -0.015937546 -0.037754279 0.998618245 rgb/1305031455.927955.png
1305031455.959716096 -0.763243377 0.281165838 -0.412020147 -0.031143695 -0.011661077 -0.040281717 0.998634815 rgb/1305031455.959716.png
1305031455.991694080 -0.772358000 0.275827795 -0.418802381 -0.034343775 -0.007524244 -0.041843880 0.998505414 rgb/1305031455.991694.png
1305031456.027770112 -0.784564197 0.284137577 -0.425757527 -0.036047865 -0.001248820 -0.045211557 0.998326123 rgb/1305031456.027770.png
1305031456.059712768 -0.802264929 0.268920898 -0.425970823 -0.050057504 0.005810615 -0.052160464 0.997366428 rgb/1305031456.059713.png
1305031456.091706880 -0.818527877 0.256785810 -0.425578028 -0.058148302 0.011551788 -0.057118177 0.996605694 rgb/1305031456.091707.png
1305031456.127644928 -0.832626343 0.248293459 -0.425997883 -0.060383007 0.016956571 -0.058568962 0.996311247 rgb/1305031456.127645.png
1305031456.159730944 -0.837910771 0.230739161 -0.425947368 -0.065607943 0.021153001 -0.057681769 0.995952308 rgb/1305031456.159731.png
1305031456.191657984 -0.847941041 0.221020371 -0.425476938 -0.061408933 0.029889453 -0.055739786 0.996106803 rgb/1305031456.191658.png
1305031456.227677952 -0.856140792 0.225931764 -0.426816881 -0.056037657 0.040130388 -0.053435266 0.996189713 rgb/1305031456.227678.png
1305031456.259613952 -0.866250455 0.217113420 -0.420005292 -0.058145538 0.051844917 -0.051181305 0.995646358 rgb/1305031456.259614.png
1305031456.291675136 -0.879100263 0.203481421 -0.416871995 -0.058168285 0.064274535 -0.046377871 0.995155454 rgb/1305031456.291675.png
1305031456.327718144 -0.887067080 0.196394891 -0.408791840 -0.053939808 0.074943505 -0.040951192 0.994885445 rgb/1305031456.327718.png
1305031456.359846144 -0.898076236 0.203429013 -0.409226209 -0.046789315 0.088446766 -0.035760354 0.994338572 rgb/1305031456.359846.png
1305031456.391619072 -0.908484876 0.187387869 -0.394419968 -0.049806248 0.101623721 -0.032756466 0.993035257 rgb/1305031456.391619.png
1305031456.427661824 -0.928365231 0.192893609 -0.383636683 -0.039887257 0.116656490 -0.026807418 0.992008924 rgb/1305031456.427662.png
1305031456.459610112 -0.947840750 0.203709111 -0.375622571 -0.035917997 0.125378907 -0.020548847 0.991245627 rgb/1305031456.459610.png
1305031456.491676928 -0.961995244 0.205373317 -0.358852357 -0.040542893 0.126644224 -0.015244174 0.991002142 rgb/1305031456.491677.png
1305031456.527641088 -0.971025586 0.203764588 -0.349608898 -0.045711432 0.125730693 -0.008514084 0.990974128 rgb/1305031456.527641.png
1305031456.559608064 -0.981360435 0.194469064 -0.333551258 -0.049474802 0.128108084 -0.003314739 0.990519881 rgb/1305031456.559608.png
1305031456.591651072 -0.988736212 0.208997965 -0.326024741 -0.043923270 0.132037371 0.003649637 0.990264416 rgb/1305031456.591651.png
1305031456.627612160 -0.990165770 0.219165176 -0.314350396 -0.053904064 0.134072646 0.012039782 0.989431143 rgb/1305031456.627612.png
1305031456.659665152 -1.007353425 0.195326477 -0.289952785 -0.071807735 0.143980846 0.018940730 0.986790001 rgb/1305031456.659665.png
1305031456.691611904 -1.018738866 0.199892446 -0.278959990 -0.066353746 0.149192914 0.028537886 0.986166418 rgb/1305031456.691612.png
1305031456.727693056 -1.033305764 0.219013333 -0.264132291 -0.063766591 0.151907936 0.039755989 0.985534072 rgb/1305031456.727693.png
1305031456.759614976 -1.051703572 0.195583537 -0.248140350 -0.075977571 0.153233483 0.047317836 0.984127998 rgb/1305031456.759615.png
1305031456.791649024 -1.056880951 0.196345508 -0.236336321 -0.069877617 0.144812495 0.053656723 0.985529006 rgb/1305031456.791649.png
1305031456.827603200 -1.059578180 0.217808351 -0.225010037 -0.064054169 0.139704689 0.061861001 0.986180961 rgb/1305031456.827603.png
1305031456.859633920 -1.063413620 0.212687939 -0.210421562 -0.071849532 0.139638692 0.069621883 0.985135317 rgb/1305031456.859634.png
1305031456.891671808 -1.070183516 0.209417924 -0.192018330 -0.073454671 0.143478841 0.075070135 0.984064400 rgb/1305031456.891672.png
1305031456.927689984 -1.078810096 0.213562608 -0.183774889 -0.067447610 0.149751574 0.080266044 0.983149409 rgb/1305031456.927690.png
1305031456.959666944 -1.091413498 0.227454260 -0.175879762 -0.065377198 0.156389236 0.086021423 0.981768131 rgb/1305031456.959667.png
1305031456.991708928 -1.102184534 0.224182591 -0.161257491 -0.073975869 0.161896855 0.088662915 0.980028570 rgb/1305031456.991709.png
1305031457.027648000 -1.114047289 0.221870601 -0.151223570 -0.075805254 0.167509258 0.092354871 0.978603482 rgb/1305031457.027648.png
1305031457.059621120 -1.126457095 0.231864572 -0.147788435 -0.075771086 0.172673643 0.097578198 0.977200627 rgb/1305031457.059621.png
1305031457.091654912 -1.134917021 0.225826308 -0.139046475 -0.085961245 0.177558765 0.103892922 0.974828124 rgb/1305031457.091655.png
1305031457.127631872 -1.145402670 0.214175209 -0.132613510 -0.091581069 0.184423149 0.108351298 0.972553909 rgb/1305031457.127632.png
1305031457.159693056 -1.158791780 0.214308262 -0.130776495 -0.088132374 0.192560837 0.114803292 0.970553041 rgb/1305031457.159693.png
1305031457.191735040 -1.175395012 0.217658669 -0.129923299 -0.084713824 0.201342613 0.120214365 0.968417943 rgb/1305031457.191735.png
1305031457.227543040 -1.188380837 0.211199149 -0.128723681 -0.088962726 0.208015472 0.126776040 0.965786278 rgb/1305031457.227543.png
1305031457.259691008 -1.197248459 0.194148868 -0.127535224 -0.090806805 0.213915855 0.132497326 0.963555217 rgb/1305031457.259691.png
1305031457.291655936 -1.213853598 0.192024112 -0.132695436 -0.082349248 0.223179087 0.137576550 0.961500108 rgb/1305031457.291656.png
1305031457.327547904 -1.230991602 0.196257144 -0.136441752 -0.076702036 0.233473241 0.141580299 0.958938062 rgb/1305031457.327548.png
1305031457.359712000 -1.250046849 0.186257809 -0.136030525 -0.077990755 0.246798739 0.146096498 0.954810798 rgb/1305031457.359712.png
1305031457.391684096 -1.269642830 0.177334502 -0.137897670 -0.072318196 0.259922594 0.152861193 0.950707018 rgb/1305031457.391684.png
1305031457.427640832 -1.293825507 0.174268812 -0.138022110 -0.067603931 0.270717353 0.158915892 0.947041571 rgb/1305031457.427641.png
1305031457.459613952 -1.309924722 0.163969785 -0.140179351 -0.068005264 0.273999244 0.163675547 0.945256591 rgb/1305031457.459614.png
1305031457.491704832 -1.322143197 0.151814342 -0.143902242 -0.067953862 0.274938017 0.167126015 0.944383562 rgb/1305031457.491705.png
1305031457.527638016 -1.336861610 0.143310964 -0.149657547 -0.063782945 0.278304249 0.169118330 0.943333209 rgb/1305031457.527638.png
1305031457.559684864 -1.354140401 0.134972930 -0.152985319 -0.060365453 0.284381330 0.172516301 0.941127777 rgb/1305031457.559685.png
1305031457.591677952 -1.377218962 0.129959896 -0.152258396 -0.056378141 0.291631341 0.174730942 0.938744843 rgb/1305031457.591678.png
1305031457.627526144 -1.387494802 0.116117083 -0.154340461 -0.057378076 0.292224318 0.178333893 0.937821865 rgb/1305031457.627526.png
1305031457.659631872 -1.410527110 0.117142148 -0.155281976 -0.051379181 0.296893299 0.180519626 0.936283708 rgb/1305031457.659632.png
1305031457.691569920 -1.424165487 0.106793262 -0.154909626 -0.056861781 0.297048360 0.184490189 0.935142994 rgb/1305031457.691570.png
1305031457.727668992 -1.432315946 0.085691795 -0.153934568 -0.061871246 0.297531039 0.184617877 0.934646249 rgb/1305031457.727669.png
1305031457.759556096 -1.445942760 0.073928133 -0.155465901 -0.059567455 0.300278038 0.182766646 0.934281170 rgb/1305031457.759556.png
1305031457.791567104 -1.450010180 0.050077595 -0.155316442 -0.057423092 0.304234385 0.180729851 0.933531344 rgb/1305031457.791567.png
1305031457.827698944 -1.469251990 0.052966870 -0.161139905 -0.044761643 0.312874019 0.179344624 0.931634009 rgb/1305031457.827699.png
1305031457.859622912 -1.483996630 0.042053357 -0.157946199 -0.043309424 0.322186470 0.178106114 0.928761780 rgb/1305031457.859623.png
1305031457.891592960 -1.491843939 0.017699867 -0.153009802 -0.038957451 0.329809517 0.179656252 0.925976038 rgb/1305031457.891593.png
1305031457.927633152 -1.514125586 0.015210539 -0.148036510 -0.023883704 0.337211549 0.178871468 0.923971355 rgb/1305031457.927633.png
1305031457.959631872 -1.533912778 0.005181372 -0.137959123 -0.018941473 0.342194289 0.179658815 0.922099233 rgb/1305031457.959632.png
1305031457.991643904 -1.539055824 -0.009140387 -0.133255303 -0.015490106 0.342573881 0.179668084 0.922020972 rgb/1305031457.991644.png
1305031458.027844864 -1.545558453 -0.023703545 -0.127972513 -0.007786455 0.346428305 0.179855213 0.920640469 rgb/1305031458.027845.png
1305031458.059688960 -1.562554598 -0.013572544 -0.116837800 0.004940047 0.353413880 0.179285452 0.918112755 rgb/1305031458.059689.png
1305031458.091689984 -1.575033545 -0.019842908 -0.103893876 0.003827562 0.358605385 0.180901602 0.915785015 rgb/1305031458.091690.png
1305031458.127604992 -1.584452748 -0.032650009 -0.087445110 0.001124792 0.363644630 0.181684479 0.913647711 rgb/1305031458.127605.png
1305031458.159638016 -1.594041109 -0.043632984 -0.068307072 0.002085515 0.367553145 0.182857826 0.911846161 rgb/1305031458.159638.png
1305031458.191646208 -1.606880188 -0.036225870 -0.053260982 0.007067611 0.367974222 0.186707616 0.910870671 rgb/1305031458.191646.png
1305031458.227611136 -1.621342897 -0.051467210 -0.025312454 -0.002940770 0.369577706 0.188263729 0.909923315 rgb/1305031458.227611.png
1305031458.259933952 -1.617967844 -0.082612298 -0.008751482 -0.010662077 0.366060913 0.188148037 0.911310136 rgb/1305031458.259934.png
1305031458.291663872 -1.637489200 -0.089979492 0.019639432 -0.001362087 0.368051261 0.185244262 0.911164641 rgb/1305031458.291664.png
1305031458.327627776 -1.643504620 -0.099129602 0.035324603 0.000365191 0.363212049 0.188949972 0.912345767 rgb/1305031458.327628.png
1305031458.359590144 -1.641923189 -0.125109702 0.056683570 0.002437961 0.361279070 0.188795835 0.913141608 rgb/1305031458.359590.png
1305031458.391625984 -1.650026083 -0.117816970 0.072620928 0.017923880 0.360056937 0.187632665 0.913691282 rgb/1305031458.391626.png
1305031458.427598080 -1.647770643 -0.116598487 0.086215034 0.028366884 0.359825879 0.194309905 0.912120819 rgb/1305031458.427598.png
1305031458.459636992 -1.636718154 -0.131582722 0.099526688 0.037423879 0.363406390 0.200638279 0.908999205 rgb/1305031458.459637.png
1305031458.491695872 -1.634219170 -0.119934320 0.120068207 0.063019298 0.375368714 0.192413479 0.904491007 rgb/1305031458.491696.png
1305031458.527736832 -1.640163898 -0.105978310 0.141119957 0.080089778 0.387318790 0.184850410 0.899666727 rgb/1305031458.527737.png
1305031458.559628032 -1.643539786 -0.107037589 0.160466954 0.084737182 0.397705793 0.181309208 0.895419955 rgb/1305031458.559628.png
1305031458.591640832 -1.642326474 -0.105232909 0.181844085 0.092240192 0.404222250 0.172299206 0.893537402 rgb/1305031458.591641.png
1305031458.627659008 -1.640969753 -0.068770066 0.219587088 0.102996945 0.405787915 0.167324349 0.892597556 rgb/1305031458.627659.png
1305031458.659622912 -1.631737113 -0.070518941 0.240088254 0.096199721 0.400188923 0.170671836 0.895246148 rgb/1305031458.659623.png
1305031458.691674112 -1.636467218 -0.073805630 0.257277340 0.087451071 0.387377232 0.164012939 0.902990043 rgb/1305031458.691674.png
1305031458.727650048 -1.628776550 -0.076679513 0.282865286 0.085624546 0.376708716 0.157587707 0.908804238 rgb/1305031458.727650.png
1305031458.759944960 -1.626629710 -0.068011746 0.297934324 0.091263205 0.363119960 0.143963590 0.916018307 rgb/1305031458.759945.png
1305031458.791631872 -1.620539904 -0.050232306 0.314611971 0.093416311 0.348274261 0.135448024 0.922839284 rgb/1305031458.791632.png
1305031458.827564032 -1.603931189 -0.048957899 0.323463202 0.086935624 0.336762190 0.134860486 0.927817881 rgb/1305031458.827564.png
1305031458.859886848 -1.594166636 -0.060931444 0.330529809 0.085300155 0.331603944 0.133809924 0.929977238 rgb/1305031458.859887.png
1305031458.891664896 -1.588455915 -0.053381681 0.335867107 0.090804681 0.331947505 0.124278195 0.930655837 rgb/1305031458.891665.png
1305031458.927620864 -1.594096422 -0.047073208 0.339976490 0.092068940 0.336798728 0.130858198 0.927882612 rgb/1305031458.927621.png
1305031458.959617024 -1.595302582 -0.055426449 0.354582310 0.086303525 0.343596816 0.145231158 0.923796952 rgb/1305031458.959617.png
1305031458.991646976 -1.593814254 -0.086764358 0.374765962 0.081829250 0.349986225 0.149060503 0.921191990 rgb/1305031458.991647.png
1305031459.027664896 -1.614894509 -0.097281195 0.398512840 0.092197299 0.354065090 0.145166352 0.919273794 rgb/1305031459.027665.png
1305031459.059631104 -1.624274969 -0.106453188 0.416979074 0.102743231 0.349310666 0.151509717 0.918950915 rgb/1305031459.059631.png
1305031459.091650048 -1.641499400 -0.123377971 0.440583229 0.116689689 0.338210702 0.158939704 0.920182228 rgb/1305031459.091650.png
1305031459.127618048 -1.661042690 -0.145658076 0.449770749 0.126587659 0.318330199 0.163463548 0.925160110 rgb/1305031459.127618.png
1305031459.159638784 -1.666644216 -0.151447982 0.466143906 0.137879238 0.295315295 0.164037272 0.931058586 rgb/1305031459.159639.png
1305031459.191674112 -1.663482308 -0.145452470 0.481257737 0.148934171 0.275118530 0.167414039 0.934933662 rgb/1305031459.191674.png
1305031459.227607040 -1.671132565 -0.139705092 0.505243957 0.156690717 0.265635908 0.176442310 0.934747934 rgb/1305031459.227607.png
1305031459.259759872 -1.671718836 -0.136840045 0.512214839 0.158236235 0.261675745 0.185055420 0.933938801 rgb/1305031459.259760.png
1305031459.291689984 -1.667934656 -0.127161935 0.518855155 0.158834487 0.269220442 0.195082143 0.929642439 rgb/1305031459.291690.png
1305031459.327631872 -1.672834039 -0.135322049 0.517167091 0.157213092 0.285230160 0.218324736 0.919925034 rgb/1305031459.327632.png
1305031459.359651072 -1.693676114 -0.134653822 0.538809955 0.164297417 0.314526170 0.235334694 0.904818892 rgb/1305031459.359651.png
1305031459.391666944 -1.705162287 -0.127276123 0.542757988 0.165557683 0.335738599 0.264762282 0.888690770 rgb/1305031459.391667.png
1305031459.427645952 -1.709179878 -0.108000457 0.547541261 0.162812114 0.362271726 0.298466355 0.867853284 rgb/1305031459.427646.png
1305031459.459678976 -1.713531971 -0.109974444 0.579533637 0.166911379 0.398230374 0.333226204 0.838160753 rgb/1305031459.459679.png
1305031459.491555072 -1.730679631 -0.103290796 0.602770805 0.169886678 0.418016016 0.365258902 0.814240158 rgb/1305031459.491555.png
1305031459.527593984 -1.742513418 -0.100540757 0.619627237 0.163286686 0.436730325 0.390838623 0.793630481 rgb/1305031459.527594.png
1305031459.559646976 -1.750864267 -0.095504582 0.631151080 0.166537613 0.446848512 0.411139220 0.776888788 rgb/1305031459.559647.png
1305031459.591695104 -1.771400690 -0.096584082 0.654230714 0.169965804 0.456067622 0.424011856 0.763759136 rgb/1305031459.591695.png
1305031459.627608064 -1.775072932 -0.108534932 0.651789904 0.164121896 0.453631520 0.435793877 0.759846151 rgb/1305031459.627608.png
1305031459.659641088 -1.783141375 -0.109034896 0.667913318 0.166303337 0.460921645 0.436850309 0.754358172 rgb/1305031459.659641.png
1305031459.691603968 -1.791881919 -0.118808746 0.678406298 0.159567937 0.470096797 0.443733394 0.746088386 rgb/1305031459.691604.png
1305031459.727550976 -1.804000735 -0.137355924 0.690168858 0.152809873 0.479227781 0.447445571 0.739447296 rgb/1305031459.727551.png
1305031459.759634944 -1.813183069 -0.154205561 0.698901832 0.151019931 0.485874146 0.444113940 0.737483740 rgb/1305031459.759635.png
1305031459.791650048 -1.821745157 -0.168021679 0.708397508 0.149654150 0.488249987 0.440841347 0.738156199 rgb/1305031459.791650.png
1305031459.827663872 -1.834007978 -0.189170122 0.727711499 0.147148520 0.493602514 0.439112455 0.736127794 rgb/1305031459.827664.png
1305031459.859660032 -1.841963530 -0.204939842 0.739544988 0.141793996 0.492702544 0.438756287 0.737991631 rgb/1305031459.859660.png
1305031459.891596032 -1.845506907 -0.222623467 0.748658776 0.137844518 0.488078624 0.443429649 0.739018500 rgb/1305031459.891596.png
1305031459.927607040 -1.847073555 -0.240361512 0.760582924 0.137368515 0.486888707 0.446934700 0.737779558 rgb/1305031459.927607.png
1305031459.959650048 -1.851552606 -0.251089156 0.771172464 0.137943894 0.485199898 0.449156672 0.737435341 rgb/1305031459.959650.png
1305031459.991725056 -1.851636410 -0.266652703 0.780282736 0.135313407 0.483248025 0.454436898 0.735967994 rgb/1305031459.991725.png
1305031460.027565056 -1.849966884 -0.285930157 0.787125051 0.133793190 0.482982993 0.459253192 0.733425736 rgb/1305031460.027565.png
1305031460.059659008 -1.852147579 -0.301285982 0.798301935 0.134497926 0.484399259 0.459848970 0.731988192 rgb/1305031460.059659.png
1305031460.091717120 -1.857589960 -0.325475335 0.807880759 0.136657745 0.481850237 0.465942502 0.729412556 rgb/1305031460.091717.png
1305031460.127689984 -1.855941772 -0.348114848 0.811783791 0.142897174 0.473521799 0.475349844 0.727598846 rgb/1305031460.127690.png
1305031460.159677952 -1.853926301 -0.357238412 0.824890375 0.153127328 0.467256755 0.479834139 0.726624012 rgb/1305031460.159678.png
1305031460.191559168 -1.846900940 -0.356633663 0.831694901 0.157770619 0.458134025 0.485010922 0.728001475 rgb/1305031460.191559.png
1305031460.227761152 -1.835911512 -0.370042443 0.828006566 0.156780839 0.455222547 0.491713434 0.725541234 rgb/1305031460.227761.png
1305031460.259666944 -1.832260847 -0.377477765 0.832314968 0.158386856 0.461962342 0.490700275 0.721607685 rgb/1305031460.259667.png
1305031460.291688960 -1.828106642 -0.389467955 0.835097194 0.156574652 0.469154805 0.490631968 0.717396975 rgb/1305031460.291689.png
1305031460.327512064 -1.822771788 -0.403492451 0.842128754 0.155533612 0.477797121 0.491726816 0.711142719 rgb/1305031460.327512.png
1305031460.359630080 -1.820274115 -0.410977602 0.850277662 0.154487699 0.486237258 0.492922932 0.704793572 rgb/1305031460.359630.png
1305031460.391611136 -1.811840534 -0.422964573 0.850647092 0.149342403 0.492869496 0.498408467 0.697399199 rgb/1305031460.391611.png
1305031460.427476992 -1.806538820 -0.433528304 0.856803238 0.147929609 0.502200484 0.502206206 0.688259006 rgb/1305031460.427477.png
1305031460.459620096 -1.801073313 -0.436322689 0.858018041 0.146403387 0.510673285 0.506235719 0.679341018 rgb/1305031460.459620.png
1305031460.491503872 -1.799432039 -0.448459744 0.869376481 0.139681816 0.523957849 0.512464106 0.665836096 rgb/1305031460.491504.png
1305031460.527569920 -1.792855382 -0.464863420 0.873587132 0.131962851 0.531732678 0.523407400 0.652603149 rgb/1305031460.527570.png
1305031460.559646976 -1.782863855 -0.472772837 0.873315334 0.125939891 0.536501646 0.529163063 0.645206690 rgb/1305031460.559647.png
1305031460.591855104 -1.780974865 -0.486792684 0.882723451 0.120056592 0.546219766 0.529352069 0.637978673 rgb/1305031460.591855.png
1305031460.627624960 -1.775589108 -0.498200297 0.886235714 0.116436720 0.552684546 0.532132983 0.630727232 rgb/1305031460.627625.png
1305031460.659763968 -1.771681309 -0.511204720 0.897557795 0.112760060 0.561527729 0.530853033 0.624633491 rgb/1305031460.659764.png
1305031460.691670784 -1.770040751 -0.523717761 0.908389509 0.109092027 0.566264093 0.532010972 0.620006680 rgb/1305031460.691671.png
1305031460.727674880 -1.761986256 -0.532815933 0.914599538 0.103747115 0.567517519 0.533950269 0.618108153 rgb/1305031460.727675.png
1305031460.759666944 -1.754623413 -0.542709351 0.920055509 0.099012792 0.572001100 0.532963514 0.615598202 rgb/1305031460.759667.png
1305031460.791660032 -1.750706673 -0.553944945 0.930724144 0.095482416 0.576569676 0.531982064 0.612736285 rgb/1305031460.791660.png
1305031460.827660032 -1.743497849 -0.561681151 0.938195586 0.089692190 0.577727735 0.531071484 0.613309979 rgb/1305031460.827660.png
1305031460.859714048 -1.734654903 -0.571294546 0.946096838 0.081648424 0.580852151 0.531036377 0.611510158 rgb/1305031460.859714.png
1305031460.891773952 -1.725139022 -0.582240105 0.954552889 0.072565399 0.585186720 0.530236185 0.609212935 rgb/1305031460.891774.png
1305031460.927561984 -1.716463327 -0.592158914 0.963087559 0.066871271 0.586775601 0.531145036 0.607542276 rgb/1305031460.927562.png
1305031460.959649024 -1.701363087 -0.605349660 0.962928176 0.061296839 0.585361421 0.535675585 0.605513334 rgb/1305031460.959649.png
1305031460.991667968 -1.689096093 -0.616508484 0.965268731 0.060252842 0.588326097 0.535685897 0.602729440 rgb/1305031460.991668.png
1305031461.027620096 -1.678072691 -0.626256585 0.969924271 0.061306186 0.590237916 0.536378264 0.600132704 rgb/1305031461.027620.png
1305031461.059662080 -1.671509981 -0.636012197 0.977412879 0.063790135 0.592887342 0.534768224 0.598697245 rgb/1305031461.059662.png
1305031461.091727872 -1.663196087 -0.640530467 0.983229697 0.062889658 0.590985060 0.534859478 0.600588918 rgb/1305031461.091728.png
1305031461.127585792 -1.649629593 -0.647831440 0.981693506 0.059738729 0.589884579 0.535127461 0.601752579 rgb/1305031461.127586.png
1305031461.159719936 -1.634611011 -0.661211729 0.985619307 0.057883833 0.592355192 0.533688784 0.600783765 rgb/1305031461.159720.png
1305031461.192013056 -1.628912687 -0.660563469 0.988615811 0.060731515 0.593255579 0.528751493 0.603971422 rgb/1305031461.192013.png
1305031461.227607040 -1.621010661 -0.666185200 0.991676927 0.059739530 0.594753563 0.526842952 0.604264855 rgb/1305031461.227607.png
1305031461.259641856 -1.610710859 -0.673482299 0.996614814 0.058890924 0.596991897 0.523485839 0.605058014 rgb/1305031461.259642.png
1305031461.291655936 -1.602992535 -0.674432218 0.998089910 0.058871616 0.597954690 0.517973542 0.608841360 rgb/1305031461.291656.png
1305031461.327750912 -1.596277475 -0.671800256 0.999687016 0.058992412 0.600587904 0.513079345 0.610380054 rgb/1305031461.327751.png
1305031461.359708928 -1.593219280 -0.669907153 1.008747578 0.053900767 0.604745090 0.509342611 0.609875560 rgb/1305031461.359709.png
1305031461.391707904 -1.577700973 -0.674790323 1.009682059 0.045755800 0.603208721 0.513266504 0.608771920 rgb/1305031461.391708.png
1305031461.427623936 -1.568388700 -0.675975680 1.008439779 0.044124521 0.603558123 0.512064159 0.609558046 rgb/1305031461.427624.png
1305031461.459780864 -1.566679955 -0.671352684 1.011409283 0.042513575 0.603097618 0.513588965 0.608844995 rgb/1305031461.459781.png
1305031461.491676928 -1.550828934 -0.678002119 1.001786470 0.036852844 0.600273550 0.517569542 0.608633935 rgb/1305031461.491677.png
1305031461.527704832 -1.548759937 -0.676702023 1.001646399 0.040573779 0.603116751 0.513461590 0.609065771 rgb/1305031461.527705.png
1305031461.559676928 -1.549074411 -0.669893563 0.989799023 0.040150277 0.601941645 0.512141287 0.611363649 rgb/1305031461.559677.png
1305031461.591689984 -1.548325419 -0.666863024 0.986017704 0.037740640 0.608608007 0.507782102 0.608546913 rgb/1305031461.591690.png
1305031461.627540992 -1.548547029 -0.660111487 0.983861506 0.035237581 0.612908185 0.507029295 0.604998469 rgb/1305031461.627541.png
1305031461.659621888 -1.546956658 -0.656925678 0.978087246 0.031779889 0.615042150 0.507569909 0.602566123 rgb/1305031461.659622.png
1305031461.691563008 -1.550092220 -0.649053693 0.977637351 0.032637611 0.616535425 0.511191607 0.597914815 rgb/1305031461.691563.png
1305031461.727601920 -1.547072291 -0.643028975 0.970494032 0.031546112 0.614943504 0.517255425 0.594387233 rgb/1305031461.727602.png
1305031461.759684096 -1.553300619 -0.630636692 0.968213975 0.033732228 0.616498888 0.517879009 0.592108607 rgb/1305031461.759684.png
1305031461.791611904 -1.559094429 -0.617264390 0.958167374 0.033100989 0.614506960 0.523018003 0.589692891 rgb/1305031461.791612.png
1305031461.827614976 -1.561859488 -0.606589794 0.951121509 0.033022754 0.616037250 0.526646554 0.584851265 rgb/1305031461.827615.png
1305031461.859767040 -1.573154449 -0.589426398 0.955664217 0.037137557 0.620704472 0.529303432 0.577221453 rgb/1305031461.859767.png
1305031461.891723008 -1.583228827 -0.574894071 0.960132599 0.039157044 0.621176183 0.537922084 0.568547845 rgb/1305031461.891723.png
1305031461.927758080 -1.588007927 -0.562433720 0.952523708 0.038270548 0.615018070 0.548766315 0.564928174 rgb/1305031461.927758.png
1305031461.959703040 -1.602165818 -0.539662123 0.935974956 0.040766690 0.611964107 0.552484870 0.564445257 rgb/1305031461.959703.png
1305031461.991590144 -1.616330385 -0.523826122 0.952429175 0.037634075 0.620388269 0.555209398 0.552670598 rgb/1305031461.991590.png
1305031462.027674880 -1.613959670 -0.522830606 0.956989765 0.029034672 0.617452800 0.568077028 0.543320954 rgb/1305031462.027675.png
1305031462.059837184 -1.620940566 -0.514937282 0.961404681 0.032053679 0.612004399 0.578873396 0.537892938 rgb/1305031462.059837.png
1305031462.091777024 -1.628059387 -0.504119277 0.957640827 0.037468158 0.603499830 0.589925945 0.535136878 rgb/1305031462.091777.png
1305031462.127738880 -1.633817911 -0.496194482 0.961475313 0.038327236 0.600199938 0.597718656 0.530116558 rgb/1305031462.127739.png
1305031462.159645952 -1.639647484 -0.491081595 0.959947109 0.036897574 0.596058130 0.604139924 0.527606249 rgb/1305031462.159646.png
1305031462.191641088 -1.647087336 -0.482701063 0.959022045 0.034520861 0.593667448 0.605300605 0.529130042 rgb/1305031462.191641.png
1305031462.227632896 -1.654406428 -0.478103757 0.963463128 0.029015614 0.593233168 0.607552469 0.527363718 rgb/1305031462.227633.png
1305031462.259764992 -1.660701990 -0.474087834 0.969475985 0.021720059 0.592377543 0.607490182 0.528746545 rgb/1305031462.259765.png
1305031462.291629056 -1.664733291 -0.471974969 0.971419036 0.014264302 0.588239312 0.608836353 0.532061577 rgb/1305031462.291629.png
1305031462.327539968 -1.674813986 -0.461290598 0.977852106 0.008540011 0.586778939 0.604991257 0.538147867 rgb/1305031462.327540.png
1305031462.359731968 -1.679669142 -0.461593151 0.984619319 -0.002333960 0.585633039 0.603541493 0.541078746 rgb/1305031462.359732.png
1305031462.391695104 -1.686986446 -0.456174493 1.002835035 -0.013098799 0.586102188 0.599307954 0.545108020 rgb/1305031462.391695.png
1305031462.427634944 -1.695546627 -0.449688077 1.006962776 -0.020067215 0.579155564 0.599242866 0.552344203 rgb/1305031462.427635.png
1305031462.459897088 -1.704037905 -0.446503282 1.011080027 -0.027986109 0.570679069 0.599136472 0.560872197 rgb/1305031462.459897.png
1305031462.492007936 -1.710720301 -0.443544269 1.013809204 -0.037364773 0.561897159 0.600988925 0.567175329 rgb/1305031462.492008.png
1305031462.527670016 -1.720176458 -0.438638210 1.023554564 -0.042852279 0.558168590 0.597174585 0.574451089 rgb/1305031462.527670.png
1305031462.559862016 -1.732760787 -0.429644346 1.018504143 -0.045074925 0.547743201 0.593542516 0.587922692 rgb/1305031462.559862.png
1305031462.591862016 -1.744635344 -0.422398090 1.014939308 -0.047821052 0.542984724 0.587014496 0.598577321 rgb/1305031462.591862.png
1305031462.627851008 -1.753446102 -0.421876907 1.009897470 -0.052840065 0.538689971 0.582211733 0.606671691 rgb/1305031462.627851.png
1305031462.659660032 -1.762087107 -0.422599673 1.011292934 -0.059403453 0.540223062 0.573302090 0.613151729 rgb/1305031462.659660.png
1305031462.692548096 -1.776580930 -0.417581797 1.013106704 -0.058443036 0.541625500 0.562704384 0.621763647 rgb/1305031462.692548.png
1305031462.727652096 -1.787091970 -0.414009690 1.011375308 -0.060945455 0.537457168 0.554737091 0.632212162 rgb/1305031462.727652.png
1305031462.759782144 -1.801623821 -0.407632232 1.004790664 -0.062356759 0.530941904 0.546236575 0.644855022 rgb/1305031462.759782.png
1305031462.791943168 -1.816068172 -0.397133946 0.996377230 -0.062497739 0.525262296 0.539141834 0.655377567 rgb/1305031462.791943.png
1305031462.827815936 -1.833890676 -0.385102987 0.991533101 -0.061111547 0.521375179 0.532743394 0.663790524 rgb/1305031462.827816.png
1305031462.859781888 -1.845171213 -0.376739621 0.976314485 -0.064656883 0.513046563 0.531422853 0.670963943 rgb/1305031462.859782.png
1305031462.891846912 -1.858921051 -0.367183089 0.963329792 -0.065001309 0.511056662 0.528053224 0.675096929 rgb/1305031462.891847.png
1305031462.927607040 -1.867268324 -0.368388176 0.954576731 -0.068808071 0.511380672 0.528720081 0.673951268 rgb/1305031462.927607.png
1305031462.959675904 -1.878633976 -0.349393249 0.942948699 -0.062905751 0.508967936 0.523278832 0.680568755 rgb/1305031462.959676.png
1305031462.995549952 -1.883907318 -0.343109727 0.927289009 -0.060889792 0.504639149 0.519878626 0.686555266 rgb/1305031462.995550.png
1305031463.027666944 -1.893773317 -0.335226893 0.915018201 -0.056128107 0.503989756 0.511547863 0.693659008 rgb/1305031463.027667.png
1305031463.059810048 -1.906948805 -0.327906728 0.903341413 -0.051602282 0.501299620 0.503217995 0.702002525 rgb/1305031463.059810.png
1305031463.095809024 -1.916113257 -0.315724969 0.885991454 -0.050873470 0.495529324 0.495266944 0.711739659 rgb/1305031463.095809.png
1305031463.127549952 -1.923222661 -0.307914913 0.872641981 -0.049728226 0.495312959 0.485125393 0.718919814 rgb/1305031463.127550.png
1305031463.159787008 -1.933840871 -0.297935665 0.858332813 -0.045707915 0.494695544 0.475167304 0.726225317 rgb/1305031463.159787.png
1305031463.195656960 -1.943618894 -0.288775742 0.842296481 -0.046691999 0.491963744 0.469024599 0.731988728 rgb/1305031463.195657.png
1305031463.227783936 -1.943590403 -0.280934870 0.828053713 -0.049027652 0.489019871 0.465920448 0.735781312 rgb/1305031463.227784.png
1305031463.260034048 -1.949756026 -0.271099210 0.814334750 -0.042865809 0.490356088 0.459589511 0.739250362 rgb/1305031463.260034.png
1305031463.295737088 -1.957042694 -0.258905590 0.802223265 -0.040571883 0.490423650 0.452511370 0.743688166 rgb/1305031463.295737.png
1305031463.327738880 -1.955505848 -0.253884256 0.787229717 -0.042255934 0.485524923 0.452127099 0.747034848 rgb/1305031463.327739.png
1305031463.359750144 -1.954944611 -0.245822430 0.774036407 -0.036932267 0.482913762 0.448061079 0.751446307 rgb/1305031463.359750.png
1305031463.395629824 -1.960814238 -0.233716547 0.760361910 -0.031896483 0.479641229 0.442968309 0.756773412 rgb/1305031463.395630.png
1305031463.427716096 -1.959052086 -0.220500529 0.745214462 -0.031551965 0.475483626 0.439996272 0.761132777 rgb/1305031463.427716.png
1305031463.459755776 -1.957945466 -0.206709743 0.725445688 -0.030190388 0.471925765 0.437738657 0.764695704 rgb/1305031463.459756.png
1305031463.495629056 -1.955738544 -0.196192861 0.706149817 -0.031580448 0.470430732 0.437597513 0.765640974 rgb/1305031463.495629.png
1305031463.527670016 -1.951543808 -0.184844732 0.687217116 -0.031939831 0.472574443 0.435021251 0.765773952 rgb/1305031463.527670.png
1305031463.559750912 -1.953127384 -0.178550363 0.676266849 -0.029191371 0.477009654 0.434525311 0.763411701 rgb/1305031463.559751.png
1305031463.595599872 -1.952010393 -0.167383850 0.661781311 -0.027835170 0.474834770 0.433626711 0.765326738 rgb/1305031463.595600.png
1305031463.627588096 -1.940638542 -0.165152192 0.635127068 -0.029028781 0.468092173 0.435883105 0.768149018 rgb/1305031463.627588.png
1305031463.659766016 -1.940628767 -0.159998059 0.613055587 -0.022716815 0.470699817 0.430650622 0.769717991 rgb/1305031463.659766.png
1305031463.695640064 -1.943647027 -0.144920826 0.595988631 -0.016078738 0.470941305 0.425433934 0.772633016 rgb/1305031463.695640.png
1305031463.727587840 -1.934790850 -0.147987187 0.569081604 -0.021743137 0.467630744 0.425091922 0.774690688 rgb/1305031463.727588.png
1305031463.759674112 -1.924573302 -0.156315506 0.537142873 -0.024105305 0.468151838 0.421550274 0.776239812 rgb/1305031463.759674.png
1305031463.795646976 -1.926498175 -0.141427279 0.522756457 -0.016586587 0.473544121 0.408632576 0.780064285 rgb/1305031463.795647.png
1305031463.827760896 -1.920921326 -0.141202271 0.497249603 -0.020754505 0.472872615 0.399298161 0.785188973 rgb/1305031463.827761.png
1305031463.859909888 -1.914371252 -0.146594226 0.470865548 -0.023922374 0.474438787 0.390130937 0.788754404 rgb/1305031463.859910.png
1305031463.895648000 -1.913652182 -0.144128621 0.452005684 -0.022146998 0.477575421 0.379977554 0.791863918 rgb/1305031463.895648.png
1305031463.927664128 -1.909985304 -0.151351869 0.425759792 -0.024577290 0.474714756 0.376919717 0.794967532 rgb/1305031463.927664.png
1305031463.959680000 -1.903597116 -0.157406867 0.400619507 -0.025032546 0.469917536 0.373006046 0.799635768 rgb/1305031463.959680.png
1305031463.995821056 -1.902732611 -0.159576297 0.382338762 -0.022920990 0.469649702 0.363252163 0.804333091 rgb/1305031463.995821.png
1305031464.027703040 -1.904237390 -0.156640708 0.362370968 -0.021012202 0.467801124 0.354591012 0.809311986 rgb/1305031464.027703.png
1305031464.059652096 -1.897464395 -0.167955667 0.337354302 -0.026203966 0.466256082 0.346458405 0.813563287 rgb/1305031464.059652.png
1305031464.095633920 -1.896308899 -0.173560500 0.315122604 -0.024717251 0.467353821 0.338846505 0.816181719 rgb/1305031464.095634.png
1305031464.127681024 -1.898467541 -0.181065351 0.301708877 -0.024134425 0.468190998 0.333512545 0.817914486 rgb/1305031464.127681.png
1305031464.159816960 -1.893611670 -0.191088676 0.283970416 -0.019452427 0.463900328 0.332662374 0.820825160 rgb/1305031464.159817.png
1305031464.195585024 -1.897847891 -0.197000325 0.277636409 -0.010366115 0.462364972 0.322925627 0.825730145 rgb/1305031464.195585.png
1305031464.227623936 -1.906409502 -0.197650135 0.258778811 0.002471972 0.454483539 0.318201929 0.831977308 rgb/1305031464.227624.png
1305031464.259643904 -1.916442037 -0.203228891 0.247428775 0.009382973 0.444772780 0.315287083 0.838262022 rgb/1305031464.259644.png
1305031464.295666944 -1.912377596 -0.201250762 0.227587879 0.013717386 0.427653074 0.309826851 0.849077165 rgb/1305031464.295667.png
1305031464.327866112 -1.900787592 -0.194883645 0.206396699 0.017468082 0.412624896 0.304896295 0.858180583 rgb/1305031464.327866.png
1305031464.359684096 -1.890655518 -0.196869671 0.182844400 0.021163037 0.402021766 0.300050408 0.864812374 rgb/1305031464.359684.png
1305031464.395611136 -1.884872198 -0.192334443 0.154519290 0.025232699 0.394906104 0.291695595 0.870819330 rgb/1305031464.395611.png
1305031464.427633920 -1.884627104 -0.186067268 0.141407579 0.025890101 0.396223903 0.280736953 0.873798072 rgb/1305031464.427634.png
1305031464.459688960 -1.880733013 -0.193116382 0.123381525 0.024590768 0.394440621 0.272625476 0.877204239 rgb/1305031464.459689.png
1305031464.495632896 -1.877265692 -0.188351110 0.099781096 0.026886329 0.391637713 0.266250908 0.880345106 rgb/1305031464.495633.png
1305031464.527574016 -1.876746416 -0.187489778 0.078942895 0.026403436 0.391580075 0.258965820 0.882555783 rgb/1305031464.527574.png
1305031464.559703040 -1.868894458 -0.187812313 0.055834502 0.021373998 0.388228387 0.248781651 0.887090564 rgb/1305031464.559703.png
1305031464.595698176 -1.849508882 -0.214879587 0.014221489 0.014374210 0.387588412 0.242755771 0.889178455 rgb/1305031464.595698.png
1305031464.627672064 -1.840330243 -0.215606034 -0.015005708 0.019998981 0.396113157 0.233202532 0.887868822 rgb/1305031464.627672.png
1305031464.659749120 -1.846640706 -0.218638718 -0.030994356 0.023106940 0.410605967 0.216062292 0.885542691 rgb/1305031464.659749.png
1305031464.695662848 -1.845794201 -0.244218737 -0.044823527 0.024701163 0.423893631 0.196362302 0.883824587 rgb/1305031464.695663.png
1305031464.727652096 -1.844123125 -0.229133725 -0.047056377 0.041312251 0.432022601 0.173898891 0.883973479 rgb/1305031464.727652.png
1305031464.759740160 -1.852243543 -0.229658544 -0.055862427 0.046685677 0.434871823 0.149358556 0.886791408 rgb/1305031464.759740.png
1305031464.796020992 -1.851776481 -0.239281476 -0.055855393 0.047570236 0.432615906 0.130631000 0.890795231 rgb/1305031464.796021.png
1305031464.827759104 -1.849086761 -0.248679727 -0.066275716 0.053500906 0.421508402 0.113491274 0.898102522 rgb/1305031464.827759.png
1305031464.859653888 -1.837250233 -0.225640580 -0.059510857 0.061792720 0.406722248 0.096986823 0.906284928 rgb/1305031464.859654.png
1305031464.895816960 -1.823522449 -0.227646664 -0.075285465 0.054286875 0.388477921 0.076754160 0.916649759 rgb/1305031464.895817.png
1305031464.927799040 -1.800539851 -0.236161560 -0.080470949 0.047018778 0.375410706 0.058890227 0.923790038 rgb/1305031464.927799.png
1305031464.959762944 -1.779162288 -0.244344234 -0.087942332 0.045031291 0.368071169 0.040603641 0.927818537 rgb/1305031464.959763.png
1305031464.995686912 -1.760814190 -0.244865209 -0.106357992 0.045695845 0.363364041 0.023183430 0.930237055 rgb/1305031464.995687.png
1305031465.027822848 -1.746488810 -0.238393813 -0.092359513 0.044290718 0.364133477 0.000622144 0.930292904 rgb/1305031465.027823.png
1305031465.059748864 -1.733086586 -0.214460090 -0.077277780 0.049775895 0.359215528 -0.018642712 0.931739807 rgb/1305031465.059749.png
1305031465.095699968 -1.713972211 -0.164151192 -0.063964725 0.051079970 0.346958309 -0.031786967 0.935948968 rgb/1305031465.095700.png
1305031465.127664128 -1.687810183 -0.149885476 -0.067145824 0.032446835 0.329825193 -0.039880268 0.942641079 rgb/1305031465.127664.png
1305031465.159842048 -1.664663672 -0.142714679 -0.059392527 0.013390387 0.315762401 -0.046800144 0.947588801 rgb/1305031465.159842.png
1305031465.195564032 -1.639435649 -0.137728170 -0.061320275 -0.000218376 0.300807029 -0.050167091 0.952364683 rgb/1305031465.195564.png
1305031465.227906816 -1.623252034 -0.113252759 -0.056200251 -0.008756154 0.291218370 -0.054496761 0.955063045 rgb/1305031465.227907.png
1305031465.259807232 -1.600326300 -0.115665108 -0.056294426 -0.021367697 0.278637260 -0.049702872 0.958871365 rgb/1305031465.259807.png
1305031465.295623168 -1.581496716 -0.102097690 -0.053019911 -0.022467144 0.268713355 -0.040975478 0.962085962 rgb/1305031465.295623.png
1305031465.327673856 -1.563768864 -0.080605052 -0.043436013 -0.022971390 0.256803483 -0.027880849 0.965788245 rgb/1305031465.327674.png
1305031465.359948032 -1.548834324 -0.079636298 -0.043182038 -0.025112249 0.241601855 -0.014354050 0.969944298 rgb/1305031465.359948.png
1305031465.395586048 -1.521110535 -0.063690536 -0.051033266 -0.016862480 0.221339345 -0.000943034 0.975050628 rgb/1305031465.395586.png
1305031465.427696896 -1.492744684 -0.049810376 -0.064533398 -0.010210603 0.204678074 0.009024337 0.978734493 rgb/1305031465.427697.png
1305031465.460124928 -1.471653104 -0.030354090 -0.073364288 -0.002241017 0.192739442 0.021434046 0.981013358 rgb/1305031465.460125.png
1305031465.495703040 -1.451074123 -0.002622121 -0.083484732 0.002807874 0.180718452 0.030956587 0.983043551 rgb/1305031465.495703.png
1305031465.527621888 -1.426056266 -0.000995783 -0.092383407 0.000635888 0.168539092 0.036953539 0.985001862 rgb/1305031465.527622.png
1305031465.559812096 -1.401418447 0.014277483 -0.108392268 0.009435813 0.156938106 0.041427750 0.986694038 rgb/1305031465.559812.png
1305031465.595598848 -1.380614996 0.037337326 -0.122015856 0.019093540 0.150913298 0.049063511 0.987144113 rgb/1305031465.595599.png
1305031465.627687936 -1.368092179 0.054861389 -0.133686915 0.025809668 0.146455720 0.056904186 0.987241924 rgb/1305031465.627688.png
1305031465.660059904 -1.358848810 0.071034983 -0.145240292 0.032728776 0.138568968 0.063754611 0.987756491 rgb/1305031465.660060.png
1305031465.695667968 -1.325616956 0.092239082 -0.162366956 0.041403465 0.125620991 0.070235513 0.988722444 rgb/1305031465.695668.png
1305031465.727682048 -1.307442665 0.113580815 -0.173337817 0.051548474 0.121641092 0.078639537 0.988110363 rgb/1305031465.727682.png
1305031465.759766016 -1.291764021 0.138462201 -0.183421656 0.061847273 0.117132612 0.085375428 0.987504900 rgb/1305031465.759766.png
1305031465.795937024 -1.270946622 0.162446871 -0.194731489 0.069805034 0.112525105 0.091380924 0.986972690 rgb/1305031465.795937.png
1305031465.827995904 -1.249802232 0.182109624 -0.206215784 0.079855733 0.107513860 0.095150195 0.986412883 rgb/1305031465.827996.png
1305031465.859860992 -1.230207443 0.213235036 -0.217990935 0.093547828 0.104718752 0.098946139 0.985135794 rgb/1305031465.859861.png
1305031465.895493888 -1.201575398 0.241495878 -0.235497609 0.096763119 0.104247168 0.102528706 0.984508693 rgb/1305031465.895494.png
1305031465.927494912 -1.183043599 0.257010669 -0.243406862 0.101341009 0.111391008 0.103133179 0.983201742 rgb/1305031465.927495.png
1305031465.959709952 -1.170338273 0.282873243 -0.256802410 0.112170033 0.118340679 0.101343729 0.981398404 rgb/1305031465.959710.png
1305031465.995752960 -1.160800934 0.313467443 -0.255890399 0.120750748 0.125931859 0.095370173 0.980033159 rgb/1305031465.995753.png
1305031466.027643904 -1.155076981 0.339255750 -0.268076539 0.126706585 0.129083410 0.092822097 0.979115427 rgb/1305031466.027644.png
1305031466.059757056 -1.141526580 0.372507036 -0.270056546 0.128515467 0.128554374 0.095276102 0.978713453 rgb/1305031466.059757.png
1305031466.095840000 -1.135912657 0.393784374 -0.279870272 0.124725901 0.127303600 0.096015848 0.979294777 rgb/1305031466.095840.png
1305031466.127640064 -1.125598788 0.413506001 -0.294586897 0.119267434 0.120909058 0.097155869 0.980671704 rgb/1305031466.127640.png
1305031466.160428032 -1.125952363 0.433522135 -0.307401329 0.115851589 0.116820015 0.099231087 0.981368840 rgb/1305031466.160428.png
1305031466.195833088 -1.118634105 0.455496401 -0.316391140 0.110895395 0.106730856 0.100334562 0.982976973 rgb/1305031466.195833.png
1305031466.227951104 -1.107774615 0.472175419 -0.332966566 0.101172321 0.095565036 0.096133962 0.985591114 rgb/1305031466.227951.png
1305031466.259814912 -1.089954853 0.470178753 -0.355374664 0.093049355 0.090566754 0.091992028 0.987257361 rgb/1305031466.259815.png
1305031466.295737088 -1.072820544 0.486728668 -0.380067676 0.094104111 0.092563793 0.080837585 0.987948239 rgb/1305031466.295737.png
1305031466.327702016 -1.065003395 0.501821280 -0.396623552 0.092136793 0.102612115 0.071319722 0.987874091 rgb/1305031466.327702.png
1305031466.359828992 -1.056329966 0.515221596 -0.410364449 0.086242326 0.110880926 0.066226080 0.987867296 rgb/1305031466.359829.png
1305031466.395783936 -1.047840953 0.511294782 -0.424733222 0.082082629 0.114435427 0.063177124 0.988016069 rgb/1305031466.395784.png
1305031466.427819008 -1.045526862 0.526938260 -0.439013034 0.089206785 0.114360489 0.057413857 0.987758875 rgb/1305031466.427819.png
1305031466.459790080 -1.035939693 0.542920053 -0.456475049 0.089432411 0.108801439 0.053838819 0.988567412 rgb/1305031466.459790.png
1305031466.495809024 -1.015625119 0.554068089 -0.469362855 0.085694231 0.102226377 0.052722123 0.989659846 rgb/1305031466.495809.png
1305031466.527538176 -0.990409911 0.560362756 -0.484500647 0.082415387 0.099902332 0.053068873 0.990157068 rgb/1305031466.527538.png
1305031466.560353024 -0.979520679 0.578871131 -0.493795842 0.082642645 0.103831261 0.051897656 0.989795923 rgb/1305031466.560353.png
1305031466.595936000 -0.962720394 0.597116113 -0.502219558 0.076385185 0.102737859 0.050249938 0.990497470 rgb/1305031466.595936.png
1305031466.627548928 -0.938225985 0.592207432 -0.515974700 0.066048883 0.102073349 0.048398200 0.991401136 rgb/1305031466.627549.png
1305031466.659687936 -0.921645880 0.598954260 -0.525577962 0.070752248 0.105432175 0.041871276 0.991022229 rgb/1305031466.659688.png
1305031466.695822080 -0.914079607 0.618056059 -0.536996961 0.072892457 0.106156342 0.035328738 0.991044700 rgb/1305031466.695822.png
1305031466.728073984 -0.891678035 0.626490414 -0.544091582 0.065612070 0.101607442 0.025739308 0.992324829 rgb/1305031466.728074.png
1305031466.759636992 -0.868880212 0.620510340 -0.554512441 0.062785089 0.099848732 0.017570937 0.992864370 rgb/1305031466.759637.png
1305031466.795603968 -0.859182000 0.635604262 -0.562615514 0.070821881 0.100426994 0.009470157 0.992375493 rgb/1305031466.795604.png
1305031466.827878912 -0.845288754 0.648385406 -0.571558475 0.069390550 0.095907003 0.006764357 0.992945731 rgb/1305031466.827879.png
1305031466.859664896 -0.833599687 0.645396173 -0.580976605 0.065637678 0.090388454 0.007489033 0.993713081 rgb/1305031466.859665.png
1305031466.895694080 -0.824369550 0.650579393 -0.590783238 0.069538191 0.080402970 0.005175274 0.994320452 rgb/1305031466.895694.png
1305031466.927756032 -0.804001868 0.659714103 -0.598884284 0.072189108 0.063159943 0.002662632 0.995385647 rgb/1305031466.927756.png
1305031466.959728128 -0.784098804 0.662120640 -0.609290004 0.072813198 0.051235560 0.000952510 0.996028244 rgb/1305031466.959728.png
1305031466.995712000 -0.765058815 0.669558644 -0.616625071 0.074951433 0.044722375 -0.002505951 0.996180654 rgb/1305031466.995712.png
1305031467.027843072 -0.751486182 0.673528671 -0.625995696 0.074919350 0.040481430 -0.007309663 0.996340811 rgb/1305031467.027843.png
1305031467.059699968 -0.734103799 0.679200113 -0.636695802 0.075278364 0.036625706 -0.010636664 0.996433020 rgb/1305031467.059700.png
1305031467.095686912 -0.716590106 0.688256443 -0.640400648 0.074396826 0.034262236 -0.015804656 0.996514678 rgb/1305031467.095687.png
1305031467.128974080 -0.708340228 0.686118662 -0.646889448 0.071990870 0.032991920 -0.026694817 0.996502042 rgb/1305031467.128974.png
1305031467.159660032 -0.693785131 0.689942300 -0.651772320 0.073163278 0.029211717 -0.035144296 0.996272445 rgb/1305031467.159660.png
1305031467.195662848 -0.684815526 0.695386946 -0.657980025 0.074722759 0.025468526 -0.039948761 0.996078372 rgb/1305031467.195663.png
1305031467.227704064 -0.670305014 0.699396968 -0.666725516 0.075468585 0.018064080 -0.046367761 0.995905757 rgb/1305031467.227704.png
1305031467.259694080 -0.655897021 0.701823413 -0.673431695 0.076708667 0.011650765 -0.051192190 0.995670438 rgb/1305031467.259694.png
1305031467.295845888 -0.644889414 0.706099391 -0.682517529 0.078293718 0.006932165 -0.058543850 0.995185733 rgb/1305031467.295846.png
1305031467.328007936 -0.630775332 0.711173594 -0.691729844 0.079517625 0.000491924 -0.063249514 0.994824767 rgb/1305031467.328008.png
1305031467.359653888 -0.620868385 0.719313323 -0.703978300 0.077857673 -0.005436399 -0.064825945 0.994839787 rgb/1305031467.359654.png
1305031467.395756032 -0.605660677 0.724645019 -0.708075225 0.072978847 -0.014159593 -0.069639280 0.994798481 rgb/1305031467.395756.png
1305031467.427782912 -0.593170822 0.723374426 -0.715017557 0.069960751 -0.020218030 -0.074398309 0.994566083 rgb/1305031467.427783.png
1305031467.459692032 -0.580323339 0.730882049 -0.724300861 0.071467876 -0.027204053 -0.075348698 0.994220734 rgb/1305031467.459692.png
1305031467.496058112 -0.561422050 0.734914422 -0.735738933 0.066902556 -0.036733299 -0.080283135 0.993845761 rgb/1305031467.496058.png
1305031467.527663104 -0.545990944 0.737480164 -0.741589308 0.061543729 -0.040746570 -0.087487198 0.993427515 rgb/1305031467.527663.png
1305031467.559762944 -0.529746234 0.736586332 -0.743185341 0.061190214 -0.043179579 -0.090422273 0.993083656 rgb/1305031467.559763.png
1305031467.595988992 -0.516602755 0.737406790 -0.749853730 0.060917847 -0.044863790 -0.088804960 0.993171692 rgb/1305031467.595989.png
1305031467.627532032 -0.506380379 0.727880657 -0.755932987 0.060093611 -0.049350981 -0.087703727 0.993106961 rgb/1305031467.627532.png
1305031467.659625984 -0.490832418 0.727286398 -0.755272388 0.068437681 -0.055666495 -0.085852765 0.992394507 rgb/1305031467.659626.png
1305031467.695885824 -0.477298230 0.729653597 -0.754127860 0.073077843 -0.059611570 -0.088177338 0.991630435 rgb/1305031467.695886.png
1305031467.727535104 -0.461289734 0.720557928 -0.753189564 0.075333506 -0.062591575 -0.094569564 0.990688562 rgb/1305031467.727535.png
1305031467.759907072 -0.449593216 0.714359760 -0.749592721 0.080837592 -0.064516887 -0.097549304 0.989841938 rgb/1305031467.759907.png
1305031467.796075008 -0.436714858 0.707819223 -0.745688021 0.084074594 -0.068167523 -0.100020431 0.989080667 rgb/1305031467.796075.png
1305031467.827800064 -0.421315163 0.692265451 -0.740555167 0.086314283 -0.072200015 -0.101283446 0.988472939 rgb/1305031467.827800.png
1305031467.859729152 -0.410558432 0.682724237 -0.731745601 0.093590379 -0.076649971 -0.099484436 0.987658143 rgb/1305031467.859729.png
1305031467.895947008 -0.402820498 0.684120536 -0.722385764 0.101212859 -0.082953393 -0.100373454 0.986306250 rgb/1305031467.895947.png
1305031467.927753984 -0.386287093 0.671527684 -0.711801350 0.103237681 -0.092560016 -0.103529721 0.984914362 rgb/1305031467.927754.png
1305031467.959825920 -0.373947829 0.658445716 -0.698329449 0.109232076 -0.098320074 -0.104971670 0.983556032 rgb/1305031467.959826.png
1305031467.995753984 -0.356907934 0.654712319 -0.685998321 0.112589814 -0.102664828 -0.107582577 0.982450783 rgb/1305031467.995754.png
1305031468.028107008 -0.344404817 0.639284372 -0.669169784 0.109697223 -0.104527630 -0.111284085 0.982169211 rgb/1305031468.028107.png
1305031468.059849984 -0.335365951 0.621311784 -0.658681035 0.112630285 -0.106671669 -0.115110204 0.981165230 rgb/1305031468.059850.png
1305031468.095866880 -0.324814141 0.619354010 -0.647304356 0.116666481 -0.109952413 -0.117345653 0.980066001 rgb/1305031468.095867.png
1305031468.127815936 -0.311372399 0.601648152 -0.631115973 0.113761432 -0.114143901 -0.118714839 0.979763389 rgb/1305031468.127816.png
1305031468.159864064 -0.297256529 0.586433351 -0.616233587 0.114804491 -0.117510445 -0.121942356 0.978846967 rgb/1305031468.159864.png
1305031468.195985152 -0.283947200 0.573617876 -0.604124904 0.113948844 -0.119176395 -0.125766605 0.978261471 rgb/1305031468.195985.png
1305031468.228157952 -0.269584388 0.553435385 -0.592616558 0.110464141 -0.120230101 -0.125553459 0.978559613 rgb/1305031468.228158.png
1305031468.259753984 -0.255967617 0.533883035 -0.584103644 0.108575895 -0.119667672 -0.124018371 0.979035497 rgb/1305031468.259754.png
1305031468.295830016 -0.242193133 0.513512135 -0.573413610 0.105980530 -0.119078383 -0.124255769 0.979361594 rgb/1305031468.295830.png
1305031468.327846912 -0.228702307 0.485741854 -0.564695120 0.103979968 -0.118539214 -0.122980118 0.979802310 rgb/1305031468.327847.png
1305031468.359787008 -0.217010051 0.472379774 -0.557125568 0.107738540 -0.116520368 -0.118251540 0.980220437 rgb/1305031468.359787.png
1305031468.395859968 -0.209138796 0.459868670 -0.551254272 0.105420873 -0.115378305 -0.117231250 0.980729878 rgb/1305031468.395860.png
1305031468.428025088 -0.201921329 0.432611227 -0.548543990 0.098171122 -0.115414947 -0.117314056 0.981467903 rgb/1305031468.428025.png
1305031468.459759104 -0.193558767 0.412976682 -0.542251706 0.096350990 -0.116740495 -0.114849970 0.981782913 rgb/1305031468.459759.png
1305031468.495809024 -0.183736205 0.395506173 -0.538417220 0.092874438 -0.116178252 -0.115437135 0.982115686 rgb/1305031468.495809.png
1305031468.527756032 -0.184207290 0.369303644 -0.536670625 0.089477129 -0.113423772 -0.120327279 0.982166111 rgb/1305031468.527756.png
1305031468.559739136 -0.186244637 0.343702495 -0.534298182 0.091999903 -0.112189248 -0.129973531 0.980844796 rgb/1305031468.559739.png
1305031468.595768064 -0.183543101 0.335383654 -0.534759760 0.095441028 -0.112787522 -0.135989890 0.979630947 rgb/1305031468.595768.png
1305031468.627625984 -0.186483458 0.316624403 -0.533094466 0.088534147 -0.113126956 -0.137591526 0.980016649 rgb/1305031468.627626.png
1305031468.659579136 -0.188557088 0.287635297 -0.533197165 0.083921030 -0.117040679 -0.137972683 0.979909360 rgb/1305031468.659579.png
1305031468.695835136 -0.191175371 0.265100360 -0.531322420 0.086376511 -0.123122513 -0.141764775 0.978408277 rgb/1305031468.695835.png
1305031468.727785216 -0.194138721 0.251024991 -0.528130531 0.090679280 -0.128762260 -0.144063443 0.976956189 rgb/1305031468.727785.png
1305031468.759628032 -0.195219398 0.235275701 -0.522939205 0.091618687 -0.133513197 -0.144727215 0.976132393 rgb/1305031468.759628.png
1305031468.795795968 -0.198828638 0.208503172 -0.520509243 0.091993101 -0.135447785 -0.149999067 0.975034058 rgb/1305031468.795796.png
1305031468.829246976 -0.203431487 0.195680797 -0.518281460 0.100076936 -0.136371449 -0.158051580 0.972834587 rgb/1305031468.829247.png
1305031468.859659008 -0.193865672 0.192453831 -0.514017940 0.103435464 -0.137982726 -0.161042631 0.971764982 rgb/1305031468.859659.png
1305031468.895873024 -0.197056264 0.177857652 -0.509990931 0.099637590 -0.132697910 -0.163186640 0.972539902 rgb/1305031468.895873.png
1305031468.928141056 -0.200177819 0.166098729 -0.506555557 0.094669051 -0.126684651 -0.159477726 0.974451482 rgb/1305031468.928141.png
1305031468.959593984 -0.201451525 0.168808356 -0.502275765 0.091263086 -0.121318042 -0.155842930 0.976046145 rgb/1305031468.959594.png
1305031468.995710976 -0.200138897 0.176773474 -0.495158851 0.079386748 -0.119394071 -0.155396417 0.977391839 rgb/1305031468.995711.png
1305031469.027698944 -0.206072927 0.157746583 -0.491057634 0.055999875 -0.116246037 -0.161313295 0.978431880 rgb/1305031469.027699.png
1305031469.059832064 -0.211418331 0.146559626 -0.481324732 0.041700687 -0.115473628 -0.167923748 0.978125036 rgb/1305031469.059832.png
1305031469.095723008 -0.202408195 0.146223396 -0.470910907 0.031626936 -0.117843397 -0.176288411 0.976747215 rgb/1305031469.095723.png
1305031469.127679232 -0.204313427 0.135935605 -0.458718687 0.016605869 -0.110772856 -0.185925901 0.976158440 rgb/1305031469.127679.png
1305031469.159703040 -0.200346708 0.126580507 -0.445414662 0.004877930 -0.104482591 -0.190886006 0.976023674 rgb/1305031469.159703.png
1305031469.195539968 -0.196426958 0.116981506 -0.436432332 -0.004295961 -0.097356342 -0.194963947 0.975957155 rgb/1305031469.195540.png
1305031469.227754240 -0.214315906 0.114488102 -0.426664710 -0.009942731 -0.086187817 -0.199007839 0.976149976 rgb/1305031469.227754.png
1305031469.259586048 -0.210085899 0.110940583 -0.412423640 -0.015539386 -0.085893579 -0.202157974 0.975455344 rgb/1305031469.259586.png
1305031469.296753920 -0.212246761 0.104427099 -0.400126576 -0.022720659 -0.081449725 -0.204228133 0.975264370 rgb/1305031469.296754.png
1305031469.327617792 -0.213424385 0.106514819 -0.390313566 -0.027624207 -0.078234643 -0.205829233 0.975064397 rgb/1305031469.327618.png
1305031469.359591936 -0.204016522 0.101858407 -0.375233680 -0.036229134 -0.076562919 -0.209443197 0.974145353 rgb/1305031469.359592.png
1305031469.395694848 -0.205026492 0.099497020 -0.359298587 -0.039478183 -0.064969227 -0.215277240 0.973589361 rgb/1305031469.395695.png
1305031469.427650816 -0.207255587 0.101850681 -0.351885110 -0.040366206 -0.052079335 -0.221222550 0.972994864 rgb/1305031469.427651.png
1305031469.459667968 -0.208399490 0.109167188 -0.334653407 -0.040778290 -0.042600639 -0.227891624 0.971899092 rgb/1305031469.459668.png
1305031469.495744000 -0.219811499 0.113236383 -0.322397470 -0.043413550 -0.034069501 -0.231964111 0.971157670 rgb/1305031469.495744.png
1305031469.527621888 -0.221746072 0.124240927 -0.309093356 -0.045620698 -0.034172043 -0.231548384 0.971152127 rgb/1305031469.527622.png
1305031469.559644928 -0.216550633 0.132571742 -0.296550333 -0.051106896 -0.036701545 -0.230447888 0.971048355 rgb/1305031469.559645.png
1305031469.595755008 -0.213834479 0.141061887 -0.282226324 -0.058439568 -0.038567066 -0.228777170 0.970957518 rgb/1305031469.595755.png
1305031469.627752192 -0.209551558 0.145381033 -0.269641727 -0.069366284 -0.039190304 -0.227006271 0.970629036 rgb/1305031469.627752.png
1305031469.659589888 -0.213178828 0.150873214 -0.254899025 -0.076201089 -0.034476321 -0.227368787 0.970210433 rgb/1305031469.659590.png
1305031469.695612928 -0.211669862 0.161139667 -0.241768330 -0.080035813 -0.031971622 -0.225599393 0.970400512 rgb/1305031469.695613.png
1305031469.727678976 -0.216490075 0.173467949 -0.227318361 -0.085025847 -0.026268695 -0.223068699 0.970732212 rgb/1305031469.727679.png
1305031469.759598848 -0.222139016 0.187302276 -0.217697978 -0.090085723 -0.020414019 -0.218361989 0.971486449 rgb/1305031469.759599.png
1305031469.795620864 -0.231775165 0.199783757 -0.204421416 -0.096866973 -0.016720131 -0.216330975 0.971358895 rgb/1305031469.795621.png
1305031469.827526144 -0.237938792 0.211470917 -0.194390073 -0.102358058 -0.017491957 -0.212943256 0.971530795 rgb/1305031469.827526.png
1305031469.859574016 -0.241587967 0.218979463 -0.184232861 -0.111426242 -0.020880988 -0.211335167 0.970817029 rgb/1305031469.859574.png
1305031469.895755008 -0.251150727 0.237642437 -0.172206461 -0.113721810 -0.020858049 -0.207229152 0.971436262 rgb/1305031469.895755.png
1305031469.927854080 -0.262964666 0.257605195 -0.162922472 -0.114397153 -0.019977791 -0.202676594 0.972335517 rgb/1305031469.927854.png
1305031469.959804928 -0.275376350 0.281507969 -0.152987882 -0.111081846 -0.020725653 -0.197514847 0.973765492 rgb/1305031469.959805.png
1305031469.995551232 -0.282238930 0.289886653 -0.147480935 -0.114365354 -0.024254631 -0.196994141 0.973409235 rgb/1305031469.995551.png
1305031470.027694080 -0.293672740 0.298698723 -0.141200349 -0.119621217 -0.026643699 -0.196064278 0.972902775 rgb/1305031470.027694.png
1305031470.059638016 -0.307647407 0.316259712 -0.135474414 -0.119446836 -0.025232822 -0.195444539 0.973086476 rgb/1305031470.059638.png
1305031470.095943936 -0.321276784 0.331528693 -0.131073996 -0.119562998 -0.024024466 -0.192805469 0.973629117 rgb/1305031470.095944.png
1305031470.127633152 -0.332992077 0.343358785 -0.129680336 -0.123794854 -0.024391886 -0.190299734 0.973584056 rgb/1305031470.127633.png
1305031470.159625984 -0.347695440 0.357885748 -0.123105168 -0.126509011 -0.024572084 -0.186539888 0.973958254 rgb/1305031470.159626.png
1305031470.196091904 -0.364839733 0.371883482 -0.122394562 -0.126775354 -0.023282815 -0.183161065 0.974596322 rgb/1305031470.196092.png
1305031470.227618048 -0.379002631 0.384987235 -0.121632814 -0.129625410 -0.022574829 -0.178755194 0.975055993 rgb/1305031470.227618.png
1305031470.259964928 -0.393694758 0.394063890 -0.119668186 -0.134879485 -0.021608531 -0.176601157 0.974757731 rgb/1305031470.259965.png
1305031470.295717888 -0.408306926 0.404227406 -0.118115567 -0.141176239 -0.020749720 -0.173110634 0.974510908 rgb/1305031470.295718.png
1305031470.327644160 -0.423720181 0.415583640 -0.114626974 -0.146964669 -0.019615311 -0.169412896 0.974328458 rgb/1305031470.327644.png
1305031470.359623936 -0.438078344 0.425005347 -0.112105414 -0.152509645 -0.021030763 -0.164222181 0.974335492 rgb/1305031470.359624.png
1305031470.395823104 -0.453497469 0.437122881 -0.111489825 -0.154365450 -0.020960724 -0.159959659 0.974753797 rgb/1305031470.395823.png
1305031470.427640832 -0.467862993 0.447967738 -0.111501925 -0.154020444 -0.022699075 -0.160071492 0.974751055 rgb/1305031470.427641.png
1305031470.459721216 -0.483009785 0.454179555 -0.110380039 -0.154394463 -0.023721796 -0.160198897 0.974646628 rgb/1305031470.459721.png
1305031470.495686144 -0.497773319 0.461398005 -0.110605516 -0.153089494 -0.024785371 -0.158521935 0.975100040 rgb/1305031470.495686.png
1305031470.527688960 -0.510955036 0.466419518 -0.110963717 -0.153418362 -0.025246331 -0.158895165 0.974975824 rgb/1305031470.527689.png
1305031470.559676928 -0.523492932 0.470798850 -0.110004038 -0.155825868 -0.024576360 -0.159179986 0.974564552 rgb/1305031470.559677.png
1305031470.595760128 -0.537742496 0.477152854 -0.108690217 -0.155964449 -0.022509469 -0.154105961 0.975407481 rgb/1305031470.595760.png
1305031470.627728896 -0.550767362 0.482829958 -0.106670015 -0.157978818 -0.020940354 -0.148998559 0.975911677 rgb/1305031470.627729.png
1305031470.659689984 -0.560675979 0.486317337 -0.105767585 -0.159552425 -0.021400299 -0.144437075 0.976331413 rgb/1305031470.659690.png
1305031470.695630080 -0.573435187 0.491278410 -0.103150114 -0.161774442 -0.020824488 -0.141463101 0.976413608 rgb/1305031470.695630.png
1305031470.727653888 -0.585498095 0.494242489 -0.099693835 -0.161878973 -0.020292405 -0.139015853 0.976758957 rgb/1305031470.727654.png
1305031470.759682048 -0.594230950 0.491318017 -0.101215430 -0.166474253 -0.017457126 -0.137135342 0.976307094 rgb/1305031470.759682.png
1305031470.795614976 -0.603371501 0.497161359 -0.097498745 -0.166589856 -0.012516121 -0.132185802 0.977045655 rgb/1305031470.795615.png
1305031470.827831040 -0.613929212 0.502017021 -0.093135484 -0.160909563 -0.010626633 -0.127248138 0.978674233 rgb/1305031470.827831.png
1305031470.859644928 -0.622420073 0.501157105 -0.093559265 -0.157287091 -0.011369927 -0.124002509 0.979670823 rgb/1305031470.859645.png
1305031470.895721984 -0.634335041 0.501911283 -0.094018824 -0.153007403 -0.010621643 -0.118676163 0.981015742 rgb/1305031470.895722.png
1305031470.927684096 -0.646611810 0.492307305 -0.094441220 -0.156701267 -0.011594639 -0.115935110 0.980749428 rgb/1305031470.927684.png
1305031470.959646976 -0.657158852 0.484062165 -0.094083332 -0.152094170 -0.014589512 -0.114172302 0.981641114 rgb/1305031470.959647.png
1305031470.995995904 -0.671203315 0.480676711 -0.095203929 -0.145974606 -0.010626732 -0.113141283 0.982739866 rgb/1305031470.995996.png
1305031471.027643904 -0.680567503 0.474674135 -0.095883355 -0.139919758 -0.008253236 -0.108407885 0.984175861 rgb/1305031471.027644.png
1305031471.059636224 -0.689194679 0.473020583 -0.096922010 -0.129503772 -0.004926267 -0.104771756 0.986015916 rgb/1305031471.059636.png
1305031471.095777024 -0.698806942 0.472873807 -0.099894032 -0.120113768 -0.002519496 -0.099546231 0.987753510 rgb/1305031471.095777.png
1305031471.127662848 -0.708235502 0.469612658 -0.099471599 -0.114771046 -0.001295451 -0.094215639 0.988913238 rgb/1305031471.127663.png
1305031471.159648768 -0.711536109 0.471677363 -0.100934260 -0.105486713 -0.002554646 -0.088255219 0.990493357 rgb/1305031471.159649.png
1305031471.195703040 -0.718857288 0.474063784 -0.101615466 -0.100207441 0.001708024 -0.082459979 0.991542220 rgb/1305031471.195703.png
1305031471.227569152 -0.726088047 0.470740527 -0.101322740 -0.101623975 0.005052435 -0.077785626 0.991764367 rgb/1305031471.227569.png
1305031471.259721984 -0.733399630 0.465507865 -0.100388341 -0.104499742 0.007504006 -0.074498191 0.991702318 rgb/1305031471.259722.png
1305031471.296067840 -0.738808155 0.460149914 -0.099584669 -0.105240300 0.009607944 -0.069941208 0.991937697 rgb/1305031471.296068.png
1305031471.327641856 -0.740562022 0.459088564 -0.099872366 -0.101262636 0.012058093 -0.066433802 0.992565930 rgb/1305031471.327642.png
1305031471.359614976 -0.744375348 0.461274207 -0.101858720 -0.098466046 0.020003831 -0.064055920 0.992875218 rgb/1305031471.359615.png
1305031471.395729920 -0.753615737 0.455221206 -0.100423187 -0.100044303 0.029632511 -0.059368953 0.992768049 rgb/1305031471.395730.png
1305031471.427704064 -0.761529446 0.457564592 -0.101379111 -0.093079478 0.034295797 -0.053023454 0.993654132 rgb/1305031471.427704.png
1305031471.459646976 -0.765547216 0.459068924 -0.103575602 -0.090485729 0.033514597 -0.048742231 0.994139552 rgb/1305031471.459647.png
1305031471.496491008 -0.771094680 0.456443012 -0.104364030 -0.092295744 0.034791250 -0.044030309 0.994149148 rgb/1305031471.496491.png
1305031471.527623936 -0.778186798 0.458827525 -0.106696002 -0.089393437 0.037536904 -0.039829940 0.994491518 rgb/1305031471.527624.png
1305031471.559671040 -0.780795991 0.457481563 -0.109235883 -0.090342157 0.038766529 -0.037768774 0.994439006 rgb/1305031471.559671.png
1305031471.595702016 -0.783479452 0.455983937 -0.111676112 -0.090727970 0.042774502 -0.035412829 0.994326293 rgb/1305031471.595702.png
1305031471.627620864 -0.787670016 0.454653263 -0.113546468 -0.090786964 0.048271030 -0.033406366 0.994138718 rgb/1305031471.627621.png
1305031471.659641856 -0.791012228 0.451747924 -0.115641691 -0.090530396 0.053677965 -0.030550392 0.993976653 rgb/1305031471.659642.png
1305031471.695609088 -0.795543730 0.455528557 -0.117931806 -0.085844360 0.059220817 -0.025783652 0.994212687 rgb/1305031471.695609.png
1305031471.727500800 -0.797753930 0.457210451 -0.121084653 -0.085891858 0.062879033 -0.021208832 0.994092107 rgb/1305031471.727501.png
1305031471.759702016 -0.799361289 0.454669476 -0.122126184 -0.088051580 0.067443341 -0.015576085 0.993708074 rgb/1305031471.759702.png
1305031471.795800832 -0.801050305 0.457831651 -0.124533236 -0.085139431 0.074316241 -0.007738173 0.993563533 rgb/1305031471.795801.png
1305031471.827639040 -0.804870605 0.464500785 -0.125562549 -0.084814407 0.080020301 -0.000450832 0.993178308 rgb/1305031471.827639.png
1305031471.859664896 -0.807348967 0.464133084 -0.124859028 -0.089026280 0.083576962 0.006506494 0.992495298 rgb/1305031471.859665.png
1305031471.895603968 -0.809153199 0.468737096 -0.126010463 -0.090139270 0.087336637 0.013369907 0.992002308 rgb/1305031471.895604.png
1305031471.927650816 -0.811606109 0.468794525 -0.125285894 -0.096930645 0.092283674 0.018018918 0.990839839 rgb/1305031471.927651.png
1305031471.959642880 -0.812787294 0.466907650 -0.122487649 -0.100208960 0.098570004 0.019564556 0.989878535 rgb/1305031471.959643.png
1305031471.995572992 -0.817300677 0.472790569 -0.124799803 -0.098162837 0.106706090 0.023290804 0.989158988 rgb/1305031471.995573.png
1305031472.027638016 -0.823492646 0.477990359 -0.122980118 -0.103582874 0.113581739 0.027439853 0.987733245 rgb/1305031472.027638.png
1305031472.059667968 -0.826675475 0.477334231 -0.119361579 -0.106652804 0.118246287 0.030296125 0.986775219 rgb/1305031472.059668.png
1305031472.095601152 -0.833096206 0.481478870 -0.119131148 -0.104481407 0.124810018 0.035362262 0.986030281 rgb/1305031472.095601.png
1305031472.127593984 -0.837993383 0.486016482 -0.116109848 -0.108124621 0.127809554 0.039342806 0.985101998 rgb/1305031472.127594.png
1305031472.159645184 -0.842982352 0.481955916 -0.110814661 -0.113780774 0.130211383 0.041664701 0.984054387 rgb/1305031472.159645.png
1305031472.195682048 -0.848595142 0.479127765 -0.110124767 -0.111363418 0.133228958 0.045785502 0.983743846 rgb/1305031472.195682.png
1305031472.227625984 -0.848287106 0.483896226 -0.111637831 -0.105908692 0.131954104 0.047895078 0.984417379 rgb/1305031472.227626.png
1305031472.263840000 -0.851230741 0.474574715 -0.110264346 -0.109434552 0.134419098 0.049100637 0.983638525 rgb/1305031472.263840.png
1305031472.295671040 -0.852633476 0.472642303 -0.110691451 -0.103271812 0.136703014 0.050900426 0.983898580 rgb/1305031472.295671.png
1305031472.327677952 -0.856284857 0.478377998 -0.112074137 -0.093976147 0.139255598 0.051142965 0.984459698 rgb/1305031472.327678.png
1305031472.363576832 -0.858171403 0.480553210 -0.112262845 -0.091901340 0.139707193 0.052058801 0.984543562 rgb/1305031472.363577.png
1305031472.395598848 -0.861133456 0.473978817 -0.110925123 -0.094881304 0.139456287 0.054090858 0.984186828 rgb/1305031472.395599.png
1305031472.427685888 -0.860169649 0.470187306 -0.111205868 -0.094016194 0.135593325 0.054057904 0.984811246 rgb/1305031472.427686.png
1305031472.463602944 -0.857672572 0.468118399 -0.112624012 -0.092551798 0.132918179 0.052735664 0.985386193 rgb/1305031472.463603.png
1305031472.495625984 -0.856641054 0.467787147 -0.113405861 -0.091757871 0.134210154 0.052464120 0.985299766 rgb/1305031472.495626.png
1305031472.527624960 -0.857115805 0.460760772 -0.111430548 -0.094130233 0.137357041 0.052922603 0.984617591 rgb/1305031472.527625.png
1305031472.563587072 -0.856508434 0.454706222 -0.111961991 -0.090787813 0.137211710 0.054185998 0.984882951 rgb/1305031472.563587.png
1305031472.595674880 -0.855140746 0.457247257 -0.114524208 -0.083615854 0.135651320 0.056131326 0.985624909 rgb/1305031472.595675.png
1305031472.627700992 -0.852468193 0.453510612 -0.114286028 -0.084472060 0.134105027 0.058156047 0.985646069 rgb/1305031472.627701.png
1305031472.663575040 -0.850629210 0.448704928 -0.113964096 -0.084805302 0.133590907 0.059573140 0.985602677 rgb/1305031472.663575.png
1305031472.695755008 -0.848051190 0.444772184 -0.113750704 -0.083625890 0.132554933 0.060819577 0.985767186 rgb/1305031472.695755.png
1305031472.727628032 -0.845001459 0.440357834 -0.113633215 -0.082504869 0.131202027 0.060495190 0.986062527 rgb/1305031472.727628.png
1305031472.763577856 -0.842127264 0.440130919 -0.113513708 -0.079457439 0.130774662 0.058761451 0.986474395 rgb/1305031472.763578.png
1305031472.795640064 -0.840743124 0.435427845 -0.112337060 -0.079525605 0.132151917 0.056841236 0.986397862 rgb/1305031472.795640.png
1305031472.827627008 -0.838972688 0.433450192 -0.112081319 -0.076815136 0.132751688 0.057125263 0.986515641 rgb/1305031472.827627.png
1305031472.863598080 -0.838518381 0.432283133 -0.110977598 -0.074649028 0.132959545 0.058023181 0.986601591 rgb/1305031472.863598.png
1305031472.895713024 -0.838042021 0.433073610 -0.110428698 -0.072962597 0.131694973 0.060284164 0.986761749 rgb/1305031472.895713.png
1305031472.927685120 -0.835981488 0.430099159 -0.108823895 -0.074225143 0.130208552 0.061830148 0.986769199 rgb/1305031472.927685.png
1305031472.963756032 -0.835244894 0.429212183 -0.108377576 -0.073940828 0.130411193 0.062932521 0.986694098 rgb/1305031472.963756.png
1305031472.995703808 -0.836847067 0.431234270 -0.106558613 -0.072762392 0.130765498 0.063978352 0.986667514 rgb/1305031472.995704.png
1305031473.027638016 -0.835626364 0.431790531 -0.106178895 -0.072650149 0.128660709 0.063891008 0.986958146 rgb/1305031473.027638.png
1305031473.063684096 -0.833806872 0.428504080 -0.105311811 -0.075350232 0.127405211 0.063186884 0.986963868 rgb/1305031473.063684.png
1305031473.095695104 -0.833132029 0.429655194 -0.105030961 -0.074031107 0.128172517 0.060747277 0.987117529 rgb/1305031473.095695.png
1305031473.127744000 -0.834110260 0.427990347 -0.104082689 -0.075127698 0.129936904 0.059411474 0.986885309 rgb/1305031473.127744.png
1305031473.167059968 -0.835437417 0.425681621 -0.103514329 -0.075230420 0.130218521 0.059371140 0.986842811 rgb/1305031473.167060.png
1305031473.196069120 -0.834057271 0.424955338 -0.104550906 -0.074251592 0.128700688 0.058913767 0.987143397 rgb/1305031473.196069.png